34,2027
34,1764
35,1301
46,862
34,1405
34,2026
34,1706
35,1300
34,2176
35,1299
35,1298
34,2025
34,2024
34,1843
34,1842
34,2023
34,1763
35,1297
34,1762
34,1761
35,1296
34,1760
34,2022
34,2239
34,1535
35,1295
34,1705
35,1294
34,1404
34,1403
34,2021
34,2020
34,1704
36,73
36,72
34,1402
43,227
34,1371
34,1370
34,1369
34,1368
34,1367
34,1366
34,1365
34,1364
34,1363
34,1362
34,1361
34,1359
34,1358
34,1357
34,1356
34,1355
34,1354
34,1353
34,1352
34,1351
34,1350
34,1349
34,1348
34,1347
34,1346
34,1345
34,1215
34,1214
34,1213
34,1212
34,1211
34,1210
34,1209
34,1208
34,1207
34,1206
34,1205
34,1204
34,1203
34,1202
34,1201
34,1200
34,1199
34,1198
34,1197
34,1196
34,1195
34,1194
34,1193
34,1192
34,1191
34,1190
34,1189
34,1188
34,1187
34,1087
34,1086
34,1085
34,1084
34,1083
34,1082
34,1081
34,1080
34,1079
34,1078
34,1077
34,1076
34,1075
34,1074
34,1073
34,1072
34,1071
34,1070
34,1069
34,1068
34,1067
34,1066
34,1065
34,1064
34,1063
34,895
34,894
34,893
34,892
34,891
34,890
34,889
34,888
34,887
34,886
34,885
34,884
34,883
34,882
34,881
34,880
34,879
34,878
34,877
34,876
34,875
34,874
34,873
34,872
34,871
34,870
34,869
34,868
34,867
34,866
34,865
34,864
34,863
34,862
34,861
34,860
34,859
34,858
34,857
34,856
34,855
34,854
34,853
34,852
34,851
34,850
34,849
34,848
34,847
34,846
34,845
34,844
34,843
34,842
34,841
34,840
34,839
34,838
34,837
34,836
34,835
34,834
34,833
34,831
34,767
34,766
34,765
34,764
34,763
34,762
34,761
34,760
34,759
34,758
34,757
34,756
34,755
34,754
34,753
34,752
34,751
34,750
34,749
34,748
34,747
34,746
34,745
34,744
34,743
34,742
34,741
34,740
34,739
34,738
34,737
34,736
34,735
34,734
34,733
34,732
34,731
34,730
34,729
34,728
34,727
34,726
34,725
34,724
34,723
34,722
34,721
34,720
34,719
34,718
34,717
34,716
34,715
34,714
34,713
34,712
34,711
34,710
34,709
34,708
34,707
34,706
34,705
34,511
34,510
34,509
34,508
34,507
34,506
34,505
34,504
34,503
34,502
34,501
34,500
34,499
34,498
34,497
34,496
34,495
34,494
34,493
34,492
34,491
34,490
34,489
34,488
34,487
34,486
34,485
34,1372
34,1373
34,1375
34,1376
34,1378
34,1379
34,1381
34,1383
34,1384
34,1386
34,1387
34,1389
34,1391
34,1392
34,1394
34,1395
34,1397
34,1398
34,1400
34,1408
34,1409
34,1411
34,1412
34,1414
34,1416
34,1417
34,1419
34,1420
34,1422
34,1423
34,1425
34,1427
34,1428
34,1430
34,1431
34,1433
34,1435
34,1436
34,1438
34,1439
34,1441
34,1442
34,1444
34,1446
34,1447
34,1449
34,1450
34,1452
34,1454
34,1455
34,1457
34,1458
34,1460
34,1462
34,1463
34,1465
34,1466
34,1468
34,1469
34,1471
34,1473
34,1474
34,1476
34,1477
34,1479
34,1481
34,1482
34,1484
34,1485
34,1487
34,1488
34,1490
34,1492
34,1493
34,1495
34,1496
34,1498
34,1500
34,1501
34,1503
34,1504
34,1506
34,1507
34,1509
34,1511
34,1512
34,1514
34,1515
34,1517
34,1519
34,1520
34,1522
34,1523
34,1525
34,1527
34,1528
34,1530
34,1531
34,1533
34,1534
34,1537
34,1539
34,1541
34,1543
34,1544
34,1546
34,1548
34,1549
34,1552
34,1553
34,1556
34,1557
34,1559
34,1562
34,1563
34,1565
34,1566
34,1568
34,1571
34,1572
34,1574
34,1575
34,1578
34,1580
34,1583
34,1586
34,1588
34,1591
34,1593
34,1596
34,1599
34,1600
34,1604
34,1605
34,1607
34,1609
34,1611
34,1614
34,1616
34,1618
34,1619
34,1622
34,1624
34,1625
34,1627
34,1628
34,1630
34,1632
34,1633
34,1636
34,1638
34,1640
34,1641
34,1643
34,1645
34,1646
34,1648
34,1649
34,1651
34,1653
34,1654
34,1656
34,1657
34,1659
34,1660
34,1662
34,1664
34,1665
34,1667
34,1668
34,1670
34,1672
34,1673
34,1675
34,1676
34,1678
34,1679
34,1681
34,1683
34,1684
34,1686
34,1687
34,1689
34,1691
34,1692
34,1694
34,1695
34,1697
34,1699
34,1700
34,1702
34,1703
34,1729
34,1730
34,1732
34,1734
34,1735
34,1737
34,1738
34,1740
34,1742
34,1743
34,1745
34,1746
34,1748
34,1749
34,1751
34,1753
34,1754
34,1756
34,1757
34,1759
34,1793
34,1794
34,1796
34,1797
34,1799
34,1800
34,1802
34,1804
34,1805
34,1807
34,1808
34,1810
34,1812
34,1813
34,1815
34,1816
34,1818
34,1819
34,1821
34,1823
34,1824
34,1826
34,1827
34,1829
34,1831
34,1832
34,1834
34,1835
34,1837
34,1839
34,1840
34,1856
34,1857
34,1859
34,1860
34,1862
34,1864
34,1865
34,1867
34,1868
34,1870
34,1872
34,1873
34,1875
34,1876
34,1879
34,1880
34,1882
34,1884
34,1885
34,1887
34,1888
34,1890
34,1892
34,1893
34,1895
34,1896
34,1898
34,1899
34,1901
34,1904
34,1906
34,1909
34,1910
34,1912
34,1914
34,1916
34,1919
34,1920
34,1922
34,1924
34,1925
34,1927
34,1928
34,1930
34,1931
34,1933
34,1935
34,1936
34,1938
34,1939
34,1941
34,1943
34,1944
34,1946
34,1947
34,1949
34,1950
34,1952
34,1955
34,1956
34,1960
34,1961
34,1963
34,1965
34,1966
34,1969
34,1970
34,1972
34,1973
34,1975
34,1977
34,1978
34,1980
34,1981
34,1983
34,1985
34,1986
34,1988
34,1989
34,1991
34,1993
34,1994
34,1996
34,1997
34,2001
34,2002
34,2004
34,2006
34,2010
34,2014
34,2015
34,2017
34,2019
34,2048
35,39
35,40
35,43
35,45
35,48
35,51
35,52
35,56
35,57
35,60
35,220
35,221
35,224
35,226
35,229
35,231
35,234
35,237
35,239
35,242
35,243
35,247
35,250
35,251
35,254
35,256
35,259
35,261
35,264
35,267
35,269
35,272
35,273
35,277
35,280
35,281
35,285
35,286
35,289
35,292
35,294
35,297
35,299
35,302
35,304
35,307
35,310
35,312
35,315
35,316
35,319
35,323
35,324
35,327
35,329
35,332
35,334
35,337
35,340
35,342
35,345
35,346
35,350
35,353
35,354
35,357
35,359
35,362
35,364
35,367
35,370
35,372
35,375
35,376
35,380
35,383
35,384
35,388
35,389
35,392
35,396
35,397
35,400
35,402
35,405
35,407
35,410
35,413
35,415
35,418
35,419
35,422
35,426
35,427
35,430
35,432
35,435
35,437
35,440
35,443
35,445
35,448
35,449
35,453
35,456
35,457
35,461
35,462
35,465
35,467
35,470
35,473
35,475
35,478
35,480
35,483
35,486
35,487
35,491
35,492
35,495
35,497
35,500
35,503
35,505
35,508
35,510
35,513
35,516
35,518
35,521
35,522
35,525
35,529
35,530
35,533
35,535
35,538
35,540
35,543
35,546
35,548
35,551
35,552
35,556
35,559
35,560
35,564
35,565
35,568
35,570
35,573
35,576
35,578
35,581
35,583
35,586
35,589
35,590
35,594
35,595
35,598
35,600
35,603
35,606
35,608
35,611
35,613
35,616
35,619
35,621
35,624
35,625
35,629
35,632
35,633
35,636
35,638
35,641
35,643
35,646
35,649
35,651
35,654
35,655
35,659
35,662
35,663
35,667
35,668
35,671
35,673
35,676
35,679
35,681
35,684
35,686
35,689
35,692
35,694
35,697
35,698
35,701
35,703
35,706
35,709
35,711
35,714
35,716
35,719
35,722
35,724
35,727
35,728
35,732
35,733
35,736
35,739
35,741
35,744
35,746
35,749
35,752
35,754
35,757
35,759
35,762
35,765
35,766
35,770
35,771
35,774
35,776
35,779
35,782
35,784
35,787
35,789
35,792
35,795
35,797
35,800
35,801
35,804
35,806
35,809
35,812
35,814
35,817
35,819
35,822
35,825
35,827
35,830
35,831
35,835
35,836
35,839
35,843
35,844
35,847
35,849
35,852
35,855
35,857
35,860
35,862
35,865
35,868
35,869
35,872
35,873
35,875
35,876
35,878
35,880
35,881
35,883
35,884
35,886
35,888
35,889
35,891
35,892
35,894
35,895
35,898
35,901
35,902
35,963
35,964
35,967
35,970
35,972
35,975
35,977
35,980
35,982
35,985
35,988
35,990
35,1024
35,1025
35,1027
35,1029
35,1030
35,1032
35,1033
35,1035
35,1037
35,1038
35,1040
35,1041
35,1043
35,1044
35,1046
35,1048
35,1049
35,1051
35,1052
35,1054
35,1056
35,1057
35,1059
35,1060
35,1062
35,1063
35,1065
35,1067
35,1068
35,1070
35,1071
35,1073
35,1075
35,1076
35,1078
35,1079
35,1081
35,1082
35,1084
35,1086
35,1087
35,1089
35,1090
35,1092
35,1094
35,1095
35,1097
35,1098
35,1100
35,1101
35,1103
35,1105
35,1106
35,1108
35,1109
35,1111
35,1113
35,1114
35,1116
35,1117
35,1119
35,1121
35,1122
35,1124
35,1125
35,1127
35,1128
35,1130
35,1132
35,1133
35,1135
35,1136
35,1138
35,1140
35,1141
35,1143
35,1144
35,1146
35,1147
35,1149
35,1151
35,1152
35,1154
35,1155
35,1157
35,1159
35,1160
35,1162
35,1163
35,1165
35,1166
35,1168
35,1170
35,1171
35,1173
35,1174
35,1176
35,1178
35,1179
35,1181
35,1182
35,1184
35,1186
35,1187
35,1189
35,1190
35,1192
35,1193
35,1195
35,1197
35,1198
35,1200
35,1201
35,1203
35,1205
35,1206
35,1208
35,1209
35,1211
35,1212
35,1214
35,1216
35,1217
35,1219
35,1220
35,1222
35,1224
35,1225
35,1227
35,1228
35,1230
35,1231
35,1233
35,1235
35,1236
35,1238
35,1239
35,1241
35,1243
35,1244
35,1246
35,1247
35,1249
35,1250
35,1252
35,1254
35,1255
35,1257
35,1258
35,1260
35,1262
35,1263
35,1265
35,1266
35,1268
35,1270
35,1271
35,1273
35,1274
35,1276
35,1277
35,1279
35,1281
35,1282
35,1284
35,1285
35,1287
35,1289
35,1290
35,1292
35,1293
36,1
36,3
36,6
36,9
36,11
36,14
36,16
36,19
36,22
36,23
36,27
36,28
36,31
36,33
36,36
36,39
36,41
36,44
36,46
36,49
36,52
36,54
36,57
36,58
36,62
36,64
36,65
36,67
36,68
36,70
36,71
37,0
37,3
37,4
37,7
38,1
0,9
39,1
39,2
40,1
34,3
41,0
41,1
42,0
42,2
42,4
43,2
43,3
43,7
43,10
43,11
43,14
43,16
43,19
43,21
43,24
43,27
43,29
43,32
43,33
43,37
43,41
43,43
43,46
43,48
43,51
43,53
43,56
43,59
43,60
43,64
43,65
43,68
43,72
43,73
43,76
43,78
43,81
43,84
43,86
43,89
43,91
43,94
43,95
43,98
43,102
43,103
43,106
43,108
43,111
43,114
43,116
43,119
43,121
43,124
43,125
43,127
43,129
43,130
43,194
43,196
43,199
43,201
43,203
43,206
43,208
43,211
43,212
43,216
43,219
43,220
43,224
43,225
43,256
43,259
43,261
43,264
43,266
43,269
43,272
43,274
44,1
44,2
45,1
45,2
45,8
45,12
45,13
45,16
45,18
46,0
46,3
46,5
46,42
46,44
46,49
46,50
46,53
46,58
46,60
46,63
46,112
46,115
46,118
46,120
46,123
46,125
46,128
46,129
46,133
46,136
46,137
46,140
46,142
46,145
46,148
46,150
46,153
46,155
46,158
46,161
46,163
46,166
46,167
46,171
46,172
46,175
46,179
46,180
46,183
46,185
46,188
46,191
46,193
46,196
46,198
46,201
46,202
46,205
46,209
46,210
46,213
46,215
46,218
46,221
46,223
46,226
46,228
46,231
46,232
46,236
46,239
46,240
46,244
46,245
46,248
46,251
46,253
46,256
46,258
46,261
46,263
46,266
46,269
46,270
46,274
46,275
46,278
46,282
46,283
46,286
46,288
46,291
46,294
46,296
46,299
46,301
46,304
46,305
46,309
46,312
46,313
46,316
46,318
46,321
46,324
46,326
46,329
46,331
46,334
46,335
46,339
46,342
46,343
46,347
46,348
46,351
46,354
46,356
46,359
46,361
46,364
46,366
46,404
46,406
46,407
46,409
46,410
46,412
46,414
46,415
46,417
46,418
46,420
46,422
46,423
46,425
46,426
46,428
46,429
46,431
46,433
46,434
46,436
46,437
46,439
46,441
46,442
46,444
46,445
46,447
46,614
46,627
46,629
46,630
46,632
46,712
46,714
46,716
46,717
46,719
46,720
46,722
46,723
46,725
46,727
46,728
46,730
46,731
46,779
46,787
46,791
46,793
46,794
46,796
46,797
46,808
46,832
46,833
46,835
46,836
46,838
46,840
46,841
46,843
46,844
46,846
46,848
46,849
46,851
46,852
46,854
46,855
46,857
46,859
46,860
7,3
4,3
44,3
42,3
39,3
45,3
3,2
46,39
46,477
34,4
34,586
34,587
34,7
34,8
34,0
35,7
36,5
36,7
35,38
35,42
35,984
35,965
35,50
35,976
35,971
35,55
35,962
35,981
35,61
35,968
35,979
35,896
35,987
35,5
35,6
35,113
34,44
34,53
34,912
34,1146
34,925
34,931
34,1105
34,1106
34,1107
34,52
34,1158
34,1160
34,1171
34,1175
34,649
34,1124
34,1137
35,76
46,557
46,559
46,560
46,771
46,563
46,576
46,603
46,566
46,568
46,569
46,606
46,43
46,768
46,48
46,601
46,54
46,57
46,59
46,62
46,448
46,450
46,773
46,453
46,512
46,609
46,514
46,515
46,517
46,518
46,520
46,522
46,523
46,525
46,526
46,528
46,529
46,530
46,532
46,533
46,774
46,537
46,538
46,616
46,540
46,577
46,578
46,605
46,617
46,580
46,618
46,625
46,582
46,584
46,600
46,621
46,585
46,622
46,777
46,587
46,589
46,781
46,619
46,590
46,620
46,776
46,592
46,594
46,602
46,623
46,596
46,624
46,778
46,597
46,599
46,611
46,541
46,543
46,544
46,545
46,547
46,549
46,571
46,552
46,554
46,555
46,556
35,128
34,662
34,51
34,650
35,0
35,799
34,1579
34,1590
34,1592
34,1601
34,1603
34,9
34,10
34,13
34,17
34,23
34,25
34,29
34,64
34,66
34,87
34,94
34,95
36,43
36,13
34,100
34,103
34,104
36,15
34,108
34,115
34,118
34,122
34,127
34,130
34,131
34,141
34,196
34,197
34,215
34,223
34,236
34,278
34,320
34,285
34,287
34,293
34,297
34,305
36,21
34,308
34,309
34,312
34,328
34,338
34,350
34,362
34,372
34,376
34,414
34,416
34,417
34,426
36,24
34,428
34,429
34,431
34,1595
35,115
35,130
35,133
35,151
34,129
34,133
34,136
35,179
34,153
35,233
35,265
34,170
34,192
34,176
35,268
34,180
35,271
34,183
34,194
34,207
34,220
35,333
35,355
34,250
35,379
34,252
34,253
34,255
35,382
34,260
34,282
35,428
34,310
35,517
34,334
34,337
34,344
35,580
34,358
34,379
35,677
34,394
34,396
35,688
34,397
34,399
34,400
35,691
34,404
34,406
34,407
34,411
35,696
34,424
35,726
34,432
35,753
34,440
34,441
34,442
34,443
34,446
35,758
34,449
34,452
35,761
34,453
34,454
34,456
35,764
34,459
34,462
34,463
34,466
35,767
34,468
35,769
34,470
34,472
34,473
34,476
34,479
35,772
34,482
34,483
35,775
35,783
35,786
35,867
35,152
35,192
34,147
34,171
34,173
34,175
34,181
35,282
34,206
34,249
34,257
34,264
35,385
34,267
34,275
35,498
34,390
34,408
34,413
34,445
34,450
34,461
34,465
35,848
35,859
34,116
35,160
34,262
34,333
34,348
34,370
34,378
34,402
34,409
34,420
34,422
35,723
34,435
34,478
35,788
35,853
34,18
35,21
34,68
34,70
35,86
34,72
34,73
34,76
35,88
34,80
34,81
34,82
34,85
34,86
35,112
34,143
34,266
34,270
34,331
34,346
34,355
34,366
34,385
34,16
34,20
34,38
34,41
34,69
34,99
34,106
34,107
35,139
34,185
34,373
34,419
35,183
35,184
35,185
35,186
35,188
35,189
35,190
35,193
35,195
35,196
35,198
35,199
35,202
34,144
35,205
35,206
35,208
35,209
35,210
35,212
35,213
34,148
35,217
35,218
34,149
35,222
34,151
35,230
34,154
34,155
34,156
34,157
35,244
35,246
34,160
35,252
35,255
34,163
34,164
34,166
34,167
35,274
34,186
35,284
34,189
35,290
34,193
35,293
35,298
35,301
35,306
34,199
34,200
34,202
35,309
34,204
34,205
35,311
34,209
34,210
35,314
34,212
34,213
35,322
35,325
35,328
34,218
34,222
35,339
34,224
35,341
34,226
34,227
34,228
34,256
34,229
35,352
35,358
34,233
34,234
35,366
35,368
34,238
35,371
34,240
34,241
35,374
34,244
34,245
34,247
35,377
34,268
34,269
35,390
35,395
34,271
34,272
34,273
35,404
35,406
35,409
35,412
35,414
35,417
35,420
35,423
35,425
34,283
34,284
34,1163
35,436
35,439
34,289
35,444
35,447
35,450
35,512
34,294
35,455
35,458
35,460
35,463
34,300
34,302
34,303
34,304
35,469
34,318
35,544
34,339
34,387
34,433
35,815
34,1582
35,821
35,826
35,829
35,856
35,861
35,10
35,12
35,13
35,14
35,15
35,17
35,19
35,20
34,19
35,23
35,25
34,21
35,27
34,22
35,29
35,31
35,32
35,34
35,36
34,26
35,37
34,28
35,65
34,30
35,67
35,68
34,33
34,34
35,69
35,70
35,71
34,39
34,40
35,73
35,75
35,78
35,80
35,82
35,83
35,85
34,75
35,91
34,88
35,93
35,95
35,96
35,97
35,99
34,90
35,101
35,102
34,91
35,105
35,106
34,92
35,108
35,110
35,111
35,117
35,119
35,120
34,101
35,122
35,124
35,126
35,127
35,131
35,132
35,136
35,137
35,140
35,142
35,143
34,110
35,145
35,147
35,149
35,150
35,153
35,154
35,156
35,157
35,159
34,119
35,163
35,164
34,124
35,166
34,126
35,167
35,170
35,171
34,134
35,173
34,135
35,177
35,182
35,260
35,263
34,1100
35,477
35,479
35,485
35,488
35,493
35,496
34,315
34,316
